# q_max/q1 프리셋: IDIADA
q_max=0.105129E+06
q1=0.105129E+06
